8953,14702
13302,3071
11063,8484
4681,12333
6051,13459
8947,4647
1552,12358
10794,5313
1310,4835
14293,2286
10971,5961
9131,7123
11195,2496
5386,12006
6397,6493
4407,11943
1947,5586
1862,9391
13956,4643
6780,4739
13731,14169
12390,10156
13696,12127
5722,1445
8005,2477
3362,12548
4190,968
5369,5403
2070,11269
13207,8844
7710,2705
5599,14164
8516,14369
13502,6934
570,9460
11892,4533
6040,13183
6769,6731
11960,12539
10731,7481
6829,6753
14615,14917
8383,8025
1082,13278
4500,13667
3618,5261
9516,12517
11224,5994
10288,10874
10111,5504
94,965
3959,10211
13957,3210
8764,566
1158,12289
11984,6592
9656,6207
3618,5564
7749,12199
8938,11666
5669,13480
13977,5888
13901,6414
418,5940
786,8760
6301,5334
4504,1206
12986,13239
3754,11370
7012,7036
7399,11962
7934,7858
11030,12723
4864,10698
2774,9180
5351,4931
11788,10125
5268,8366
716,10100
2757,3111
2909,2961
2744,9746
1502,2899
11339,7449
405,65
1380,11796
6968,9125
11556,4092
7512,834
6976,11112
51,8813
8657,2156
8386,6393
8246,11334
8337,11468
12370,6918
155,872
13256,11580
11213,4838
8806,2177
4752,11600
986,10648
8956,12170
11348,8419
5780,780
11672,5483
5847,12377
11044,2152
14346,4949
3334,11157
8166,6310
10803,10532
6597,12285
5633,13361
6630,6046
1396,9149
4415,1562
10969,8146
6643,12908
11063,4601
4483,326
6471,2415
8429,8618
4231,12222
4692,8583
14272,2415
7894,2790
8641,3078
5610,13077
11234,6221
2805,3685
13894,3125
3460,5943
8019,4953
7629,7914
13207,6120
9838,319
1156,1235
9123,3527
8896,10679
2131,9206
10513,12134
8503,14664
871,596
12342,2644
13318,12569
14797,9706
11164,6288
10805,12011
9642,3951
7720,8612
6275,13996
9985,14002
7984,6541
12143,8868
2853,3110
7337,10600
8373,2767
10025,13240
996,5736
4945,5090
4128,12512
4366,11260
8205,11381
2391,12937
12185,5101
13551,10127
749,8372
13081,10074
10643,1493
3155,4464
2984,7388
7993,9917
10926,3933
6049,3104
3907,1214
9548,14161
727,9030
10413,9848
3952,13599
7088,6167
7611,4047
8978,8872
8830,3838
14158,9501
11964,14866
6597,9224
917,12440
6576,12930
11652,7893
11978,11583
12493,7012
8984,1934
4579,6888
13182,4229
8831,1228
1363,10548
4018,9479
203,8892
12937,3508
10717,6079
10382,11840
11749,5921
7453,759
6894,8028
1835,3791
7034,6964
8012,6332
5262,6254
9891,10318
12195,7077
1063,10036
2691,12201
4912,4240
4658,1957
12945,1846
7083,10746
10144,13547
7554,4727
10745,4669
4380,3970
11709,633
17,461
14205,10298
10796,11916
691,9429
2955,5382
6717,1409
1720,4146
7231,181
13636,11407
2178,6248
7505,9642
5270,10370
6184,5491
13229,1344
10123,11378
5359,9020
8811,1936
160,6406
13382,606
11668,386
2384,14607
3513,14245
3179,14672
3116,6774
3675,4740
7146,2362
13003,920
12263,13986
10362,8768
12299,6565
3661,12993
4364,11634
13639,9361
11934,729
4919,4587
12753,9328
3023,1595
8379,5589
10547,4468
435,3470
11689,4958
11041,13173
6975,5310
1566,8162
14429,602
14740,7240
9517,12669
5198,12469
4073,2041
7915,3866
13886,14134
7456,38
5970,6223
3749,10029
14464,7491
2054,5803
3847,10661
975,11823
4542,5429
12779,8302
9165,1053
9903,2669
12488,13121
5374,14817
14791,12579
12939,5649
6571,8719
14954,10364
12579,11806
2625,2829
14893,5592
3860,254
3208,9887
3974,3192
648,8842
3611,4743
5360,11482
6635,4554
11681,12430
3346,2999
79,7597
6154,13590
2043,6953
10918,7392
4902,14255
12370,6823
2034,1891
11533,2855
11102,12704
6717,4225
11919,9873
2594,14800
1128,10575
13960,10770
3303,4286
2152,2848
12093,12198
7642,5084
10878,267
7106,1366
4887,4980
2272,8052
986,7900
1069,1551
7263,12556
14028,13009
2251,171
10545,3561
12983,14129
10504,12873
12202,11992
1815,10946
7865,13189
3781,3365
7635,10352
14694,13357
2317,2546
9842,10156
164,4398
3054,7305
13709,11357
6116,11598
7173,13015
10770,3437
5653,3580
7674,7371
7147,6209
10487,2603
5055,1047
11360,7204
12084,343
11361,1686
6507,13079
10867,2512
3455,11053
10683,3958
12372,3325
4568,2593
6938,6381
13030,12453
5651,8281
11592,10733
14875,6455
14350,3595
1466,637
10448,14363
9176,14758
2125,2094
11748,9419
3219,7125
11138,9798
11534,6840
1486,7587
7091,4469
13379,4749
11247,1295
8597,11537
3766,3158
12871,6359
11260,642
3294,678
1012,3798
7776,8181
8927,1664
11505,4028
4403,9265
4544,6954
8093,5122
10712,14512
1000,5648
10508,4669
4966,14109
10282,10381
523,11086
5915,7654
3148,5646
12137,6963
3277,11608
13131,7704
3969,11490
1353,5645
7864,11860
9469,9104
12022,12931
25,10808
10461,12334
3866,4070
9563,3045
11492,4108
11190,13467
1360,12929
7166,3672
753,9326
1847,740
3100,9108
11794,8099
679,9689
3039,3633
13338,2720
12185,4204
2344,8364
12484,10081
13625,5319
10208,11550
11576,1551
17,1772
3180,7128
10581,9683
12567,12362
13571,4441
13131,11802
5123,13624
3124,7417
14162,5995
6116,12531
6418,1300
14911,1845
6659,4126
11438,7039
9572,1418
5764,2115
1859,13759
9749,2799
4430,9021
9924,9888
9157,3458
14981,12511
14442,14718
5776,13826
7818,3679
9974,13651
7054,2354
14428,5031
13653,3467
11037,14665
4288,13586
1238,10555
1606,5986
387,14093
5909,6643
11102,8170
3540,1993
9197,2709
1336,5235
12114,9312
14245,14136
7701,12455
5193,2389
5936,910
2450,8685
12589,9758
10163,2676
6951,10509
12359,79
643,4512
9528,5102
6062,7883
14998,2403
1339,14808
5571,2643
8707,5073
12389,10670
9865,11198
13726,3174
446,526
1337,3525
10791,13065
1133,5295
12195,1774
7359,7744
1335,3408
2002,1284
10960,4834
13017,13653
11956,7095
10933,8197
5651,7265
13706,14331
5731,6392
9107,11830
11322,565
2653,10223
6725,1332
1979,12077
13922,11340
5666,4533
1336,1234
10904,1887
6404,9425
4908,3517
312,7415
9811,860
5771,14906
14719,9550
7918,5929
11874,13192
9414,4703
6275,13581
8456,7867
4783,8483
2813,3169
11592,12357
9116,13542
7058,12657
14455,9877
6175,4534
1861,5613
11533,9977
7559,6534
13320,13535
10816,4958
5926,5912
1939,3693
6860,8796
5383,1845
9137,4344
13096,1724
2871,5753
3027,13730
5689,1370
14390,14192
14627,13704
14471,14715
9447,11691
11872,5609
13821,14406
12750,10504
11539,12324
10109,4216
14838,8038
6341,11378
6108,7158
11117,9252
12596,1897
343,4544
6321,14568
12208,5873
3249,946
8406,869
11764,9115
2374,14671
5763,3085
11888,9845
12144,2049
5521,1467
6151,5774
6448,10321
10943,14136
12659,1813
4892,4368
10045,3327
11422,13040
8883,8392
6814,11295
42,12028
1133,11256
4734,13244
6464,8937
5909,2636
4847,14351
281,498
10746,7847
2711,3835
9532,7998
9011,4057
9348,10665
4362,1016
3803,11056
2374,3408
2253,860
9350,10388
2986,684
14567,4491
2329,4161
10415,6784
9701,14252
5890,11316
9815,4304
13372,12699
13615,1518
1787,2762
4196,8469
14058,14890
2765,9349
8383,2735
2767,6521
6119,8576
7614,9951
4127,5620
13897,6926
6093,8068
7730,7382
10874,2721
1787,5972
11010,1371
14745,10820
11495,14106
13237,5661
2472,10073
3997,6851
9856,4056
5698,4383
9933,14584
1008,6764
7757,12039
14650,8262
9629,3517
2701,8594
7169,9899
12070,9786
9392,4798
1998,2424
14859,4702
11521,4082
13303,4782
13224,1177
248,10398
4141,11978
13893,10457
14443,7908
1078,10260
3565,7703
13369,3534
11643,14322
5247,5769
1539,12864
4075,3982
13429,9044
5885,11378
14775,7052
7149,14322
8602,7855
523,8343
2313,14218
2095,9729
12808,1910
8936,9559
6416,7671
3735,7766
14127,8684
8004,1070
3780,336
6752,287
11286,9131
682,9704
7586,633
1796,13839
11869,8309
4915,9999
4668,13097
858,13611
11699,10468
7096,2374
5831,11620
13388,14733
10282,3347
3388,13208
11081,11923
8359,3502
969,5170
1030,11277
10322,13643
6256,9820
13238,6598
5433,8717
8763,6142
13695,923
3248,3617
7684,3465
10091,10923
12138,5200
7569,6129
5783,8847
14173,2259
5918,8654
3739,726
6703,14748
14819,1420
3555,10338
5049,14893
5117,13559
1874,13616
5042,11788
5710,13650
13387,2820
5690,5514
11609,4297
11305,8365
11139,251
721,4972
3147,6567
3179,11240
1533,5604
13802,3341
12269,14053
4164,12716
5047,12517
6365,4469
7730,10061
11798,12793
5389,12307
3633,13276
8654,12403
3934,6008
854,10380
2563,512
14800,13176
403,3575
3233,4696
4069,4080
1816,2963
3115,14919
10098,14478
8799,6043
9215,4519
766,4620
10073,11082
14492,8181
7515,14758
3049,9492
9408,11729
11707,12724
14776,12585
13016,4310
11967,523
8420,8628
6492,13898
1,8418
8451,4944
12810,7520
6552,8799
14250,14228
4463,14742
12213,12180
737,9846
3168,12339
743,3923
5065,14180
7966,8884
2826,1790
7665,5258
11331,1057
3256,3775
2135,12680
14841,10499
5715,2129
5117,5082
10843,7156
5415,13232
6661,10841
13831,11515
11251,8515
3394,5059
2950,252
853,6704
2300,1917
11097,9531
3387,12030
3276,3593
3444,8951
12573,2025
3881,3092
6089,1529
9440,7058
12566,2500
14934,7742
3690,9853
10976,13545
9373,1800
11315,6941
5866,10535
4779,12700
13690,958
14459,10073
12208,6182
10615,8245
4276,11676
11845,3334
12669,3472
11317,7121
25,4902
6409,7608
746,10810
5761,14363
11799,8215
12744,12454
4476,12782
8434,2549
1097,1425
631,6582
9241,7707
12990,3072
6405,13586
173,13928
10063,3345
967,5239
1820,3356
1549,3200
14889,4572
5538,12929
1283,8374
6192,7532
4050,580
3976,12321
10518,3110
4885,14595
4880,7909
1218,12927
2506,3347
7082,1300
9199,4373
10686,12930
6089,14250
9458,10958
5127,12688
2271,13578
11055,7692
5479,9526
8449,11355
11120,1114
11769,13272
6522,11301
12489,14110
4648,13517
5216,6218
3807,8182
4209,3009
8908,8012
3030,14096
14180,5387
2999,3941
9231,14137
849,13018
11530,5224
7382,12133
13789,10819
2097,12777
14345,9305
8576,3960
12480,4750
2024,14099
3710,8313
8652,5121
2288,11020
6587,4933
9760,7199
14741,8973
14021,778
14534,1480
3366,2429
14503,7605
4081,4408
14759,8379
13586,11649
1830,11937
3662,7466
9775,1246
10154,4892
5492,924
6540,376
4902,8487
9038,10203
2195,13659
10345,6629
11498,13079
7844,10286
4264,1937
14971,7986
11330,13750
6587,567
912,9595
10534,3921
12930,3740
13115,12780
5819,3675
6020,11315
4506,4072
11213,1941
2475,6231
3531,9132
1774,7029
8151,8358
2515,9332
6778,1583
2782,4261
12226,5009
993,14563
6229,2018
10570,7702
4551,14448
6329,2100
7059,13551
3264,5247
3139,3083
11379,13153
4803,11150
4931,6852
6044,9455
853,8339
12370,8702
9296,10509
9099,6898
4039,8294
5821,13295
7153,6264
12515,9689
10547,6588
5054,2700
12066,5221
9382,5561
5552,3743
14307,5825
12695,9220
12839,6209
9726,4918
1128,9616
8835,5605
2443,1149
12851,7565
6219,4654
7023,286
4022,9058
8804,9123
297,5450
5279,1010
11024,4464
13398,8549
7879,5192
339,1547
14155,11405
10279,9250
1653,8411
9465,6196
4822,14434
13855,4726
4818,3846
12666,2822
1668,1085
6963,6973
2561,13485
9934,6339
3216,3674
9748,1471
2570,12529
1814,13332
13405,12052
14960,1300
3226,13782
5419,12249
5550,7693
8636,1698
6892,13707
11715,2341
8994,13219
13891,126
9439,11151
3672,8300
11480,10256