0,39,6,33
1,182,29,153
6,428,155,273
14,767,331,436
14,1215,531,684
19,1760,908,852
40,2403,1396,1007
26,3149,2007,1142
56,3994,2589,1405
61,4941,3430,1511
74,5983,4072,1911
86,7129,4945,2184
134,8371,6407,1964
221,9718,7411,2307
275,11166,8637,2529
362,12709,9967,2742
298,14345,11382,2963
482,16096,12865,3231
607,17941,14799,3142
765,19889,16489,3400
972,21930,18004,3926
1125,24074,20040,4034
1348,26321,21903,4418
1606,28667,24062,4605
1920,31109,26704,4405
2203,33655,28957,4698
2700,36302,31417,4885
3055,39045,33773,5272
3696,41894,36326,5568
4633,44835,39145,5690
5914,47882,42127,5755
3621,51029,44787,6242
7405,54272,48046,6226
8856,57612,50854,6758
10425,61060,54192,6868
12912,64602,57487,7115
16037,68245,60788,7457
20993,71994,64166,7828
27362,75838,67753,8085
10031,79785,72377,7408
30513,83827,75068,8759
12842,87975,78960,9015
41549,92221,83477,8744
16027,96562,87938,8624
56796,101004,92499,8505
20103,105548,96347,9201
70659,110201,101161,9040
24053,114942,105025,9917
87140,119788,110235,9553
28700,124731,115069,9662
107701,129783,119545,10238
19539,134918,123305,11613
29313,140166,129678,10488
21964,145514,134011,11503
31970,150964,140022,10942
38260,156505,145228,11277
50016,162147,150878,11269
42850,167894,156408,11486
34188,173738,161740,11998
